<?xml version="1.0" encoding="UTF-8"?>
<!DOCTYPE svg PUBLIC "-//W3C//DTD SVG 1.1//EN" "http://www.w3.org/Graphics/SVG/1.1/DTD/svg11.dtd">
<!-- Creator: CorelDRAW -->
<svg xmlns="http://www.w3.org/2000/svg" xml:space="preserve" width="400px" height="250px" style="shape-rendering:geometricPrecision; text-rendering:geometricPrecision; image-rendering:optimizeQuality; fill-rule:evenodd; clip-rule:evenodd"
viewBox="0 0 400 250"
 xmlns:xlink="http://www.w3.org/1999/xlink">
 <defs>
  <style type="text/css">
   <![CDATA[
    .fil0 {fill:#1F1A17;fill-rule:nonzero}
   ]]>
  </style>
 </defs>
 <g id="Layer_x0020_1">
  <metadata id="CorelCorpID_0Corel-Layer"/>
  <path class="fil0" d="M43.5875 65.8667c-8.48624,-0.23504 -12.7961,-4.55552 -12.9591,-12.9591l0.961419 -18.8244 0 -0.9626c-0.162992,-1.00276 -0.419292,-1.73977 -0.777167,-2.22048 -0.368505,-0.481891 -0.819687,-0.890553 -1.35118,-1.22835 -0.543308,-0.337796 -1.11614,-0.635434 -1.71024,-0.870474 2.55945,-0.48071 4.47402,-0.716931 5.75316,-0.716931 0.921262,0 1.55551,0.0307087 1.89331,0.113386 0.337796,0.0814962 0.747639,0.285827 1.22835,0.603544 0.675592,0.440552 1.16693,0.94134 1.46457,1.4941 0.307087,0.563387 0.511418,1.38189 0.634253,2.46733l0.0614174 1.43268 -0.9626 15.6c-0.162992,8.15907 1.76103,12.3555 5.76379,12.5906 3.3567,0.317717 6.15119,-0.675592 8.39293,-2.99882 1.59685,-2.87599 2.31378,-8.43427 2.16024,-16.6748l0 -15.2315c0,-0.522048 -0.184252,-1.02402 -0.542127,-1.4941 -0.359056,-0.481891 -0.809057,-0.890553 -1.35118,-1.23898 -0.532678,-0.337796 -1.10551,-0.624804 -1.71024,-0.870474 2.55945,-0.47008 4.48347,-0.715749 5.76379,-0.715749 0.921262,0 1.54488,0.0401576 1.88268,0.122835 0.348426,0.0814962 0.758269,0.276378 1.22835,0.592915 0.686222,0.440552 1.17756,0.942522 1.47402,1.50473 0.297638,0.563387 0.451182,1.25906 0.451182,2.09882l0 17.9953c0,0.634253 -0.236221,2.30315 -0.716931,5.00552 -0.48071,2.70237 -1.22835,5.17914 -2.22166,7.44214 -1.00276,2.25119 -2.34331,3.94017 -4.02284,5.06694 -1.59685,1.03347 -3.21379,1.78111 -4.85198,2.22048 -1.64764,0.440552 -3.62363,0.655513 -5.93623,0.655513z"/>
  <path id="1" class="fil0" d="M71.1757 66.5836c-0.921262,0 -1.5567,-0.0413387 -1.89449,-0.113386 -0.337796,-0.0814962 -0.746458,-0.285827 -1.22835,-0.603544 -0.685041,-0.440552 -1.16693,-0.94134 -1.47402,-1.4941 -0.296457,-0.563387 -0.450001,-1.26969 -0.450001,-2.10945l0 -11.9859c0.48071,-6.87875 2.99882,-12.3555 7.56498,-16.4398 1.03347,-0.563387 2.15906,-1.19764 3.3567,-1.91457l-3.24449 -8.04569 7.08308 0 3.98269 9.60238c5.0256,5.43544 7.67718,11.8323 7.98427,19.193l3.62363 9.59057c0.162992,0.644883 0.592915,1.32048 1.28977,2.04804 0.706301,0.715749 1.58622,1.2378 2.67166,1.55551 -2.55945,0.48071 -4.48347,0.716931 -5.76379,0.716931 -0.910632,0 -1.54488,-0.0413387 -1.88268,-0.113386 -0.337796,-0.0814962 -0.747639,-0.285827 -1.22835,-0.603544 -0.758269,-0.563387 -1.52599,-1.76103 -2.28308,-3.60355l-2.99882 -8.03506c-0.798427,-7.27797 -3.35788,-13.389 -7.67718,-18.3532 -1.43386,0.562206 -2.31378,1.19764 -2.64095,1.92402 -1.76103,3.11221 -2.6315,8.19923 -2.6315,15.2315l0 9.2327c0,0.522048 0.174803,1.02402 0.532678,1.50473 0.357875,0.481891 0.809057,0.890553 1.35118,1.22835 0.542127,0.337796 1.10551,0.635434 1.70906,0.870474 -2.55827,0.48071 -4.47284,0.716931 -5.75198,0.716931z"/>
  <path id="12" class="fil0" d="M110.279 66.5836c-0.921262,0 -1.5567,-0.0413387 -1.89449,-0.113386 -0.337796,-0.0814962 -0.746458,-0.285827 -1.22835,-0.603544 -0.685041,-0.440552 -1.16693,-0.94134 -1.47402,-1.4941 -0.296457,-0.563387 -0.450001,-1.26969 -0.450001,-2.10945l0.839765 -7.55435c1.44331,-8.07639 7.08308,-12.7536 16.9205,-14.0339l0 -13.1941c0,-0.522048 -0.184252,-1.02402 -0.543308,-1.4941 -0.357875,-0.481891 -0.807876,-0.890553 -1.35118,-1.23898 -0.542127,-0.337796 -1.10551,-0.624804 -1.70906,-0.870474 2.55945,-0.47008 4.48347,-0.715749 5.76261,-0.715749 0.921262,0 1.54607,0.0401576 1.88386,0.122835 0.337796,0.0814962 0.757088,0.276378 1.22835,0.592915 0.686222,0.440552 1.17756,0.942522 1.47402,1.50473 0.296457,0.563387 0.450001,1.25906 0.450001,2.09882l0 12.8362 9.12049 0c5.03623,0.634253 7.9134,3.23505 8.62915,7.80002l0 14.1461c0,0.522048 0.184252,1.02402 0.543308,1.50473 0.357875,0.481891 0.807876,0.890553 1.35118,1.22835 0.542127,0.337796 1.10551,0.635434 1.70906,0.870474 -2.55945,0.48071 -4.48347,0.716931 -5.76261,0.716931 -0.921262,0 -1.54607,-0.0413387 -1.88386,-0.113386 -0.337796,-0.0814962 -0.747639,-0.285827 -1.22835,-0.603544 -0.686222,-0.440552 -1.17756,-0.94134 -1.47402,-1.4941 -0.296457,-0.563387 -0.450001,-1.26969 -0.450001,-2.10945l0 -14.3918c-0.317717,-2.64095 -2.1189,-4.03347 -5.39529,-4.19646l-5.15907 0 0 18.5882c0,0.522048 0.174803,1.02402 0.543308,1.50473 0.357875,0.481891 0.807876,0.890553 1.34055,1.22835 0.542127,0.337796 1.11614,0.635434 1.70906,0.870474 -2.55827,0.48071 -4.47284,0.716931 -5.75198,0.716931 -0.921262,0 -1.54607,-0.0413387 -1.89449,-0.113386 -0.337796,-0.0814962 -0.746458,-0.285827 -1.22835,-0.603544 -0.675592,-0.440552 -1.16693,-0.94134 -1.46339,-1.4941 -0.307087,-0.563387 -0.450001,-1.26969 -0.450001,-2.10945l0 -17.7496c-5.76379,1.11614 -8.99766,4.51418 -9.71459,10.1953l-0.839765 7.55435c0,0.522048 0.174803,1.02402 0.532678,1.50473 0.357875,0.481891 0.809057,0.890553 1.35118,1.22835 0.542127,0.337796 1.10551,0.635434 1.70906,0.870474 -2.55827,0.48071 -4.47284,0.716931 -5.75198,0.716931z"/>
  <path id="123" class="fil0" d="M163.17 59.3871c-1.43268,0 -2.63032,-0.194882 -3.59292,-0.594096 -0.961419,-0.399213 -1.73977,-1.12559 -2.34331,-2.15906 -0.594096,-1.0441 -0.901183,-2.14016 -0.901183,-3.30709l0 -8.20868c0.24567,-4.63702 3.163,-7.56498 8.76262,-8.76262l32.5099 -3.71576c1.59685,0.164174 2.39528,1.03347 2.39528,2.64095l0 11.9965c0,3.35788 -2.07756,5.35395 -6.23387,5.99883l-6.2445 0.655513c-4.15513,0.439371 -6.23387,-0.184252 -6.23387,-1.86378l0 -14.3918c-2.39528,-0.716931 -4.59568,-0.317717 -6.60238,1.19764l0 17.8725 -7.67718 2.16024c-1.35118,0.327166 -2.63032,0.48071 -3.83859,0.48071zm1.32048 -2.51812l2.40591 -0.48071c1.19764,-0.635434 1.79174,-1.91457 1.79174,-3.83859l0 -9.35671c-0.0720474,-2.3126 -1.15748,-3.59292 -3.23505,-3.83859 -2.07756,1.12677 -3.12166,2.72363 -3.12166,4.80119l0 9.71459c0,1.75985 0.726379,2.76378 2.15906,2.99882zm26.0315 -5.51694c2.32323,-0.798427 3.47953,-1.99607 3.47953,-3.60355l0 -8.51695c-0.23504,-1.67835 -1.36063,-2.63032 -3.3567,-2.87599 -2.07874,0.644883 -3.163,1.92402 -3.23505,3.83859l0 8.03506c0,1.67953 1.03347,2.72363 3.11221,3.12284z"/>
  <path id="1234" class="fil0" d="M215.233 58.4245c-1.44331,0 -2.64095,-0.193701 -3.60355,-0.592915 -0.95197,-0.399213 -1.73977,-1.12677 -2.33386,-2.16024 -0.603544,-1.0441 -0.900002,-2.13898 -0.900002,-3.29646l0 -17.9339c0,-0.522048 -0.184252,-1.02284 -0.543308,-1.50473 -0.357875,-0.48071 -0.807876,-0.890553 -1.35118,-1.22835 -0.531497,-0.337796 -1.10551,-0.623623 -1.70906,-0.869293 2.55945,-0.481891 4.48347,-0.716931 5.76261,-0.716931 0.921262,0 1.54607,0.0413387 1.88386,0.122835 0.348426,0.0720474 0.757088,0.276378 1.23898,0.594096 0.675592,0.439371 1.16693,0.94134 1.46339,1.50473 0.296457,0.552757 0.450001,1.25906 0.450001,2.09764l0 15.4677c0.24567,2.00552 1.23898,3.12166 3.00001,3.36733l7.80002 -0.9626c1.91339,-0.399213 2.91733,-1.88268 2.99882,-4.44213l0 -13.4303c0,-0.522048 -0.184252,-1.02284 -0.542127,-1.50473 -0.359056,-0.48071 -0.809057,-0.890553 -1.35118,-1.22835 -0.543308,-0.337796 -1.10551,-0.623623 -1.71024,-0.869293 2.55945,-0.481891 4.48347,-0.716931 5.76379,-0.716931 0.921262,0 1.54488,0.0413387 1.88268,0.122835 0.337796,0.0720474 0.747639,0.276378 1.22835,0.594096 0.686222,0.439371 1.17756,0.94134 1.47402,1.50473 0.297638,0.552757 0.451182,1.25906 0.451182,2.09764l0 11.6292c2.07756,2.32323 4.2378,3.52087 6.47954,3.60237 3.51024,-0.48071 5.55828,-2.2004 6.11104,-5.15907l0 -10.0725c0,-0.522048 -0.174803,-1.02284 -0.532678,-1.50473 -0.368505,-0.48071 -0.818506,-0.890553 -1.35118,-1.22835 -0.542127,-0.337796 -1.11614,-0.623623 -1.70906,-0.869293 2.55827,-0.481891 4.47284,-0.716931 5.75198,-0.716931 0.921262,0 1.5567,0.0413387 1.89449,0.122835 0.337796,0.0720474 0.746458,0.276378 1.22835,0.594096 0.675592,0.439371 1.16693,0.94134 1.46339,1.50473 0.307087,0.552757 0.450001,1.25906 0.450001,2.09764l0 8.99766c-1.43268,6.23387 -5.51694,9.67325 -12.2315,10.3087 -3.04016,0.0814962 -5.55828,-1.15748 -7.55435,-3.71576l0 2.64095c-0.881104,2.39528 -3.27638,3.83859 -7.19647,4.3193l-13.9217 1.43268 -0.23504 0z"/>
  <path id="12345" class="fil0" d="M293.448 66.2245c-1.94528,-0.153544 -3.45946,-0.511418 -4.56497,-1.06418 -1.09607,-0.552757 -1.96536,-1.28977 -2.60079,-2.23111 -6.70395,1.80118 -10.9937,2.70237 -12.867,2.70237 -2.24174,0 -4.4315,-0.614174 -6.57167,-1.83307 -2.13898,-1.21772 -3.613,-2.85591 -4.44213,-4.92284 -0.818506,-2.05748 -1.22835,-3.92127 -1.22835,-5.59962 0,-1.92402 0.450001,-3.73583 1.35118,-5.43544 0.901183,-1.69961 2.36457,-3.43938 4.38072,-5.22048 2.01733,-1.77048 3.95198,-3.22442 5.78387,-4.34056 5.92678,-3.28583 9.16183,-6.79608 9.72403,-10.5638l0 -0.23504c0,-0.522048 -0.184252,-1.02402 -0.542127,-1.4941 -0.357875,-0.481891 -0.809057,-0.890553 -1.35118,-1.23898 -0.542127,-0.337796 -1.10551,-0.624804 -1.70906,-0.870474 2.55827,-0.47008 4.48347,-0.715749 5.76261,-0.715749 0.910632,0 1.54607,0.0401576 1.88386,0.122835 0.337796,0.0814962 0.746458,0.276378 1.22835,0.592915 0.685041,0.440552 1.16693,0.942522 1.47402,1.50473 0.296457,0.563387 0.450001,1.25906 0.450001,2.09882l0 1.44331c-1.44331,4.63702 -5.44607,8.71065 -11.9965,12.2327 -5.36458,3.43938 -8.43545,7.11379 -9.23388,11.0339 -0.408662,5.2004 1.63819,8.11773 6.11104,8.76262 0.881104,0.23504 4.54489,-0.419292 11.0044,-1.95473 0.0200788,-0.276378 0.0720474,-0.594096 0.153544,-0.931892 0.357875,-1.37126 1.18701,-2.47678 2.48741,-3.30591 1.3004,-0.839765 3.07087,-1.3311 5.31261,-1.48465l1.32048 0 -1.20827 1.19764c-0.777167,0.798427 -1.32992,1.63819 -1.65827,2.51812 -0.327166,0.879923 -0.49134,1.80118 -0.49134,2.75316 0,0.9626 0.164174,1.88386 0.49134,2.76378 0.328347,0.881104 0.881104,1.71969 1.65827,2.51812l1.20827 1.19764 -1.32048 0z"/>
  <path id="123456" class="fil0" d="M304.607 66.5836c-0.921262,0 -1.5567,-0.0413387 -1.89449,-0.113386 -0.337796,-0.0814962 -0.746458,-0.285827 -1.22835,-0.603544 -0.685041,-0.440552 -1.16693,-0.94134 -1.47402,-1.4941 -0.296457,-0.563387 -0.450001,-1.26969 -0.450001,-2.10945l0 -11.9859c0.48071,-6.87875 3.04016,-12.1607 7.67718,-15.8363 0.809057,-0.879923 1.88386,-1.71969 3.24449,-2.51812l0 -8.04569 8.75199 0 0 5.99883c6.56222,0.798427 10.2366,5.11773 11.0351,12.9591l0 19.428c0,0.522048 0.184252,1.02402 0.542127,1.50473 0.359056,0.481891 0.809057,0.890553 1.35118,1.22835 0.543308,0.337796 1.10551,0.635434 1.71024,0.870474 -2.55945,0.48071 -4.48347,0.716931 -5.76379,0.716931 -0.910632,0 -1.54488,-0.0413387 -1.88268,-0.113386 -0.337796,-0.0814962 -0.747639,-0.285827 -1.22835,-0.603544 -0.686222,-0.440552 -1.17756,-0.94134 -1.47402,-1.4941 -0.297638,-0.563387 -0.451182,-1.26969 -0.451182,-2.10945l0 -16.3063c0.164174,-7.75868 -1.11496,-11.8736 -3.83859,-12.3544 -3.75591,-0.24567 -7.0323,1.1563 -9.83624,4.19646 -1.76103,3.11221 -2.6315,8.19923 -2.6315,15.2315l0 9.2327c0,0.522048 0.174803,1.02402 0.532678,1.50473 0.357875,0.481891 0.809057,0.890553 1.35118,1.22835 0.542127,0.337796 1.10551,0.635434 1.70906,0.870474 -2.55827,0.48071 -4.47284,0.716931 -5.75198,0.716931z"/>
  <path id="1234567" class="fil0" d="M358.461 66.5836c-0.921262,0 -1.54488,-0.0413387 -1.89331,-0.113386 -0.337796,-0.0814962 -0.747639,-0.285827 -1.22835,-0.603544 -0.675592,-0.440552 -1.16693,-0.94134 -1.46339,-1.4941 -0.307087,-0.563387 -0.451182,-1.26969 -0.451182,-2.10945l0 -11.628 -6.71458 0c-4.88269,-0.327166 -7.56498,-2.16024 -8.04569,-5.51694l0 -3.00001c0.726379,-4.56497 3.60355,-7.16458 8.63978,-7.80002l6.12048 0 0 -6.83742c0,-0.522048 -0.184252,-1.02402 -0.542127,-1.4941 -0.357875,-0.481891 -0.809057,-0.890553 -1.35118,-1.23898 -0.542127,-0.337796 -1.10551,-0.624804 -1.70906,-0.870474 2.55827,-0.47008 4.48347,-0.715749 5.76261,-0.715749 0.921262,0 1.54607,0.0401576 1.88386,0.122835 0.337796,0.0814962 0.757088,0.276378 1.22835,0.592915 0.685041,0.440552 1.17638,0.942522 1.47402,1.50473 0.296457,0.563387 0.450001,1.25906 0.450001,2.09882l0 6.83742 6.12167 0c5.03623,0.635434 7.91222,3.23505 8.62915,7.80002l0 3.00001c-0.481891,3.3567 -3.15355,5.18977 -8.03624,5.51694l-6.71458 0 0 11.628c0,0.522048 0.173622,1.02402 0.542127,1.50473 0.359056,0.481891 0.809057,0.890553 1.34173,1.22835 0.542127,0.337796 1.11496,0.635434 1.70906,0.870474 -2.55945,0.48071 -4.47284,0.716931 -5.75316,0.716931zm-8.28072 -19.3063l3.24449 0 0 -9.6012 -2.15906 0c-3.27638,0.164174 -5.07757,1.55551 -5.39529,4.19646l0 3.24568c0.153544,1.35118 1.59685,2.07756 4.30985,2.15906zm10.441 0l3.23505 0c2.72245,-0.0814962 4.16576,-0.807876 4.3193,-2.15906l0 -3.24568c-0.317717,-2.64095 -2.1189,-4.03229 -5.39411,-4.19646l-2.16024 0 0 9.6012z"/>
  <path id="12345678" class="fil0" d="M32.0717 144.553c-0.921262,0 -1.5567,-0.0413387 -1.89449,-0.113386 -0.337796,-0.0814962 -0.746458,-0.285827 -1.22835,-0.603544 -0.685041,-0.440552 -1.16693,-0.94134 -1.47402,-1.4941 -0.296457,-0.563387 -0.450001,-1.26969 -0.450001,-2.10945l0 -17.9847c0,-1.0441 0.265749,-2.66103 0.787797,-4.86261 0.512599,-2.2004 1.36181,-4.2378 2.54882,-6.12048 1.17756,-1.87323 2.62087,-3.49135 4.34056,-4.85198 1.44331,-1.12677 3.18308,-2.16024 5.22048,-3.12284 2.03741,-0.961419 4.29922,-1.44331 6.776,-1.44331 6.56222,0.809057 10.2366,5.11891 11.0351,12.9591l0 25.4268c0,0.522048 0.184252,1.02402 0.542127,1.50473 0.359056,0.481891 0.809057,0.890553 1.35118,1.22835 0.543308,0.337796 1.10551,0.635434 1.71024,0.870474 -2.55945,0.48071 -4.48347,0.716931 -5.76379,0.716931 -0.910632,0 -1.54488,-0.0413387 -1.88268,-0.113386 -0.337796,-0.0814962 -0.747639,-0.285827 -1.22835,-0.603544 -0.686222,-0.440552 -1.17756,-0.94134 -1.47402,-1.4941 -0.297638,-0.563387 -0.451182,-1.26969 -0.451182,-2.10945l0 -22.304c0.164174,-7.75986 -1.11496,-11.8748 -3.83859,-12.3555 -3.75591,-0.24567 -7.0323,1.1563 -9.83624,4.19646 -1.76103,3.12284 -2.6315,8.19923 -2.6315,15.2315l0 15.2315c0,0.522048 0.174803,1.02402 0.532678,1.50473 0.357875,0.481891 0.809057,0.890553 1.35118,1.22835 0.542127,0.337796 1.10551,0.635434 1.70906,0.870474 -2.55827,0.48071 -4.47284,0.716931 -5.75198,0.716931z"/>
  <path id="123456789" class="fil0" d="M85.5651 144.553c-0.921262,0 -1.54488,-0.0413387 -1.89331,-0.113386 -0.337796,-0.0814962 -0.747639,-0.285827 -1.22835,-0.603544 -0.675592,-0.440552 -1.16693,-0.94134 -1.46339,-1.4941 -0.307087,-0.563387 -0.451182,-1.26969 -0.451182,-2.10945l0 -23.6245 -6.72521 0c-0.316536,1.36063 -1.09488,2.61969 -2.33386,3.77717 -1.2378,1.1563 -3.14174,1.8626 -5.70119,2.09764l-1.32048 0 0.931892 -0.93071c1.06418,-1.05473 1.80118,-2.19095 2.22048,-3.38859 0.420473,-1.19764 0.635434,-2.27245 0.635434,-3.23505 0,-0.603544 -0.0614174,-1.16693 -0.184252,-1.67835l12.4772 0 0 -7.80002c0,-0.522048 -0.184252,-1.02402 -0.542127,-1.4941 -0.357875,-0.481891 -0.809057,-0.890553 -1.35118,-1.23898 -0.542127,-0.337796 -1.10551,-0.624804 -1.70906,-0.870474 2.55827,-0.47008 4.48347,-0.715749 5.76261,-0.715749 0.910632,0 1.54607,0.0401576 1.88386,0.122835 0.337796,0.0814962 0.746458,0.276378 1.22835,0.592915 0.685041,0.440552 1.17638,0.942522 1.47402,1.50473 0.296457,0.563387 0.450001,1.25906 0.450001,2.09882l0 7.80002 12.4784 0c-0.122835,0.501969 -0.184252,1.05473 -0.184252,1.67835 0,0.9626 0.204331,2.03741 0.634253,3.23505 0.419292,1.19764 1.1563,2.33386 2.21103,3.38859l0.931892 0.93071 -1.32048 0c-2.55945,-0.23504 -4.45276,-0.94134 -5.69174,-2.09764 -1.24843,-1.15748 -2.02678,-2.41654 -2.34449,-3.77717l-6.71458 0 0 23.6245c0,0.522048 0.173622,1.02402 0.542127,1.50473 0.359056,0.481891 0.809057,0.890553 1.34173,1.22835 0.542127,0.337796 1.11496,0.635434 1.70906,0.870474 -2.55945,0.48071 -4.47284,0.716931 -5.75316,0.716931z"/>
  <path id="12345678910" class="fil0" d="M136.909 144.553c-0.921262,0 -1.54607,-0.0413387 -1.89331,-0.113386 -0.337796,-0.0814962 -0.747639,-0.285827 -1.22835,-0.603544 -0.675592,-0.440552 -1.16693,-0.94134 -1.46457,-1.4941 -0.307087,-0.563387 -0.450001,-1.26969 -0.450001,-2.10945l0 -23.3894c0.153544,-1.99607 -0.879923,-3.19371 -3.12166,-3.59292l-3.12284 0 -1.61693 0.0614174c-1.07481,0 -1.94528,-0.122835 -2.61024,-0.368505 -0.655513,-0.23504 -1.10551,-0.614174 -1.34055,-1.13622l-4.3819 1.38189c-0.0401576,0.737009 -0.162992,1.47402 -0.357875,2.22166 -0.368505,1.37126 -1.19764,2.47678 -2.49804,3.30591 -1.28977,0.829135 -3.06024,1.3311 -5.30198,1.48465l-1.32048 0 1.19764 -1.19764c0.778348,-0.798427 1.34055,-1.63819 1.6689,-2.51812 0.327166,-0.881104 0.49134,-1.80237 0.49134,-2.75434 0,-0.879923 -0.122835,-1.67835 -0.359056,-2.40473l10.8 -3.11221 0 -8.88545 7.19529 0 0 10.5638 8.03624 0c1.0441,0 1.83189,0.122835 2.36457,0.389765 0.542127,0.255119 0.921262,0.592915 1.14567,1.01339 0.214961,0.419292 0.328347,1.07481 0.328347,1.95473l0 26.9823c0,0.522048 0.184252,1.02402 0.542127,1.50473 0.357875,0.481891 0.809057,0.890553 1.35118,1.22835 0.532678,0.337796 1.10551,0.635434 1.70906,0.870474 -2.55827,0.48071 -4.48347,0.716931 -5.76261,0.716931z"/>
  <path id="1234567891011" class="fil0" d="M156.225 144.553c-0.921262,0 -1.5567,-0.0413387 -1.89449,-0.113386 -0.337796,-0.0814962 -0.746458,-0.285827 -1.22835,-0.603544 -0.675592,-0.440552 -1.16693,-0.94134 -1.46339,-1.4941 -0.307087,-0.563387 -0.450001,-1.26969 -0.450001,-2.10945l12.2315 -21.8233 -12.3544 0 0 -12.9591c0,-0.522048 -0.184252,-1.02402 -0.543308,-1.4941 -0.357875,-0.481891 -0.807876,-0.890553 -1.35118,-1.23898 -0.531497,-0.337796 -1.10551,-0.624804 -1.70906,-0.870474 2.55945,-0.47008 4.48347,-0.715749 5.76261,-0.715749 0.921262,0 1.54607,0.0401576 1.88386,0.122835 0.348426,0.0814962 0.757088,0.276378 1.23898,0.592915 0.675592,0.440552 1.16693,0.942522 1.46339,1.50473 0.296457,0.563387 0.450001,1.25906 0.450001,2.09882l0 9.59175 14.2796 0 -14.1567 25.1906c0,0.522048 0.174803,1.02402 0.543308,1.50473 0.357875,0.481891 0.807876,0.890553 1.34055,1.22835 0.542127,0.337796 1.11614,0.635434 1.70906,0.870474 -2.55827,0.48071 -4.47284,0.716931 -5.75198,0.716931z"/>
  <path id="123456789101112" class="fil0" d="M183.688 144.553c-0.910632,0 -1.54607,-0.0413387 -1.88386,-0.113386 -0.337796,-0.0814962 -0.746458,-0.285827 -1.22835,-0.603544 -0.685041,-0.440552 -1.39134,-1.35118 -2.12835,-2.73308 -0.737009,-1.37126 -1.11614,-3.54213 -1.11614,-6.49962l0 -2.28308c0.48071,-8.72128 2.59961,-15.1193 6.35671,-19.193l-6.23387 1.19764 0 -12.4784 8.76262 0 0 9.47955 5.39411 -1.19764 0.716931 1.07481 -3.59292 2.52756c-2.80512,3.03071 -4.19765,5.71182 -4.19765,8.03624 3.19371,-2.72363 7.0323,-3.96143 11.5158,-3.72639 7.19647,0.809057 11.1886,4.56497 11.987,11.2807l0 10.911c0,0.522048 0.184252,1.02402 0.542127,1.50473 0.359056,0.481891 0.809057,0.890553 1.35118,1.22835 0.543308,0.337796 1.10551,0.635434 1.71024,0.870474 -2.55945,0.48071 -4.48347,0.716931 -5.76379,0.716931 -0.910632,0 -1.54488,-0.0413387 -1.88268,-0.113386 -0.337796,-0.0814962 -0.747639,-0.285827 -1.22835,-0.603544 -0.686222,-0.440552 -1.17756,-0.94134 -1.47402,-1.4941 -0.297638,-0.563387 -0.451182,-1.26969 -0.451182,-2.10945l0 -9.2327c0.0826773,-5.75316 -1.55551,-8.87482 -4.9134,-9.35553 -3.75591,-0.399213 -6.75592,0.522048 -8.99766,2.76378 -1.44331,1.51418 -2.39528,3.51024 -2.87599,5.9882 -0.327166,1.6063 -0.48071,2.96812 -0.48071,4.08426 0,1.27914 0.173622,2.47678 0.531497,3.59292 0.368505,1.12559 0.921262,2.13898 1.68898,3.02953 0.758269,0.901183 1.40315,1.52481 1.94528,1.8626 0.542127,0.337796 1.10551,0.635434 1.70906,0.870474 -2.55827,0.48071 -4.48347,0.716931 -5.76261,0.716931z"/>
  <path id="12345678910111213" class="fil0" d="M221.481 144.553c-0.921262,0 -1.5567,-0.0413387 -1.89449,-0.113386 -0.337796,-0.0814962 -0.746458,-0.285827 -1.22835,-0.603544 -0.685041,-0.440552 -1.16693,-0.94134 -1.47402,-1.4941 -0.296457,-0.563387 -0.450001,-1.26969 -0.450001,-2.10945l0 -11.9859c0.48071,-6.87875 2.08819,-11.5158 4.80119,-13.9217l-4.67836 0 0 -12.4784 8.76262 0 0 9.24333c3.59292,-2.40473 7.19529,-3.47953 10.7882,-3.24449 6.56222,0.798427 10.2366,5.11773 11.0351,12.9591l0 19.428c0,0.522048 0.184252,1.02402 0.542127,1.50473 0.359056,0.481891 0.809057,0.890553 1.35118,1.22835 0.543308,0.337796 1.10551,0.635434 1.71024,0.870474 -2.55945,0.48071 -4.48347,0.716931 -5.76379,0.716931 -0.910632,0 -1.54488,-0.0413387 -1.88268,-0.113386 -0.337796,-0.0814962 -0.747639,-0.285827 -1.22835,-0.603544 -0.686222,-0.440552 -1.17756,-0.94134 -1.47402,-1.4941 -0.297638,-0.563387 -0.451182,-1.26969 -0.451182,-2.10945l0 -16.3063c0.164174,-7.75868 -1.11496,-11.8736 -3.83859,-12.3544 -3.75591,-0.24567 -7.0323,1.1563 -9.83624,4.19646 -1.76103,3.11221 -2.6315,8.19923 -2.6315,15.2315l0 9.2327c0,0.522048 0.174803,1.02402 0.532678,1.50473 0.357875,0.481891 0.809057,0.890553 1.35118,1.22835 0.542127,0.337796 1.10551,0.635434 1.70906,0.870474 -2.55827,0.48071 -4.47284,0.716931 -5.75198,0.716931z"/>
  <path id="1234567891011121314" class="fil0" d="M262.619 136.394c-1.44331,0 -2.64095,-0.193701 -3.60237,-0.592915 -0.9626,-0.399213 -1.74095,-1.12677 -2.33386,-2.16024 -0.604726,-1.0441 -0.901183,-2.13898 -0.901183,-3.29646l0 -14.576c0.317717,-3.28583 1.71969,-5.78387 4.19646,-7.50356 2.47796,-1.71969 5.43544,-2.77323 8.87482,-3.17245 3.35788,-0.24567 5.99883,-0.122835 7.92285,0.357875 2.23229,-1.19764 4.63702,-1.51536 7.19647,-0.9626 3.35788,-0.715749 6.19253,-1.07481 8.51695,-1.07481 1.67835,0 3.71576,0.481891 6.11104,1.43386 2.64095,1.36063 4.36064,3.87875 5.15907,7.56379l0 8.99766c-1.43386,6.23387 -5.51812,9.99096 -12.2327,11.2701l-7.44214 1.19764c-2.07756,1.44331 -4.51418,1.80237 -7.30868,1.08544l-13.9205 1.43268 -0.236221 0zm5.75316 -4.30867l5.51694 -0.72756c1.76103,-0.634253 2.72363,-2.47678 2.88662,-5.51694l0 -17.0327c-8.88427,-0.236221 -13.4811,2.55827 -13.7977,8.39293l0 10.8c0.23504,2.95749 2.03622,4.3193 5.39411,4.08426zm21.9567 -2.76378c3.59292,-1.59685 5.68111,-4.32048 6.23387,-8.15907l0 -7.43151c-1.59685,-5.11773 -5.79332,-7.08308 -12.5906,-5.88544l0 20.0327c0.23504,1.92402 2.35394,2.40473 6.35671,1.44331z"/>
  <path id="123456789101112131415" class="fil0" d="M317.557 143.836c-5.11773,-0.0814962 -8.15789,-2.87599 -9.12049,-8.39411l0 -22.1918c1.36181,-5.68111 4.40198,-9.03899 9.12049,-10.0831l13.9111 -1.32048c4.88269,0.328347 7.67718,2.95867 8.40356,7.92285l0 23.5134c-0.562206,5.19922 -3.32599,8.2701 -8.28072,9.2327l-14.0339 1.32048zm3.12166 -4.19646l8.15907 -0.839765c2.07756,-0.644883 3.3567,-2.68229 3.83859,-6.12167l0 -22.3146c-0.0826773,-2.14961 -1.08544,-3.55158 -3.00001,-4.19646l-9.95907 0.961419c-2.39528,0.481891 -3.75709,2.43662 -4.07481,5.876l0 21.476c0.236221,2.64095 1.91457,4.36064 5.03623,5.15907z"/>
  <path id="12345678910111213141516" class="fil0" d="M353.301 144.553c-0.921262,0 -1.54607,-0.0413387 -1.88386,-0.113386 -0.348426,-0.0814962 -0.757088,-0.285827 -1.23898,-0.603544 -0.675592,-0.440552 -1.16693,-0.94134 -1.46339,-1.4941 -0.296457,-0.563387 -0.450001,-1.26969 -0.450001,-2.10945l0 -28.5485c0,-0.511418 -0.184252,-1.01339 -0.543308,-1.4941 -0.357875,-0.481891 -0.807876,-0.890553 -1.35118,-1.22835 -0.531497,-0.337796 -1.10551,-0.635434 -1.70906,-0.870474 2.55945,-0.48071 4.48347,-0.726379 5.76261,-0.726379 0.921262,0 1.54607,0.0401576 1.88386,0.122835 0.348426,0.0814962 0.757088,0.285827 1.23898,0.603544 0.675592,0.440552 1.16693,0.94134 1.46339,1.4941 0.296457,0.563387 0.450001,1.25906 0.450001,2.09882l0 3.72639 8.99766 0 0 -9.96026c0,-0.522048 -0.184252,-1.02402 -0.542127,-1.4941 -0.357875,-0.481891 -0.809057,-0.890553 -1.35118,-1.23898 -0.532678,-0.337796 -1.10551,-0.624804 -1.70906,-0.870474 2.55827,-0.47008 4.48347,-0.715749 5.76261,-0.715749 0.921262,0 1.54607,0.0401576 1.88386,0.122835 0.347245,0.0814962 0.757088,0.276378 1.2378,0.592915 0.675592,0.440552 1.16693,0.942522 1.46457,1.50473 0.296457,0.563387 0.450001,1.25906 0.450001,2.09882l0 34.7824c0,0.522048 0.184252,1.02402 0.542127,1.50473 0.359056,0.481891 0.809057,0.890553 1.35118,1.22835 0.532678,0.337796 1.10551,0.635434 1.71024,0.870474 -2.55945,0.48071 -4.48347,0.716931 -5.76379,0.716931 -0.921262,0 -1.54488,-0.0413387 -1.88268,-0.113386 -0.348426,-0.0814962 -0.758269,-0.285827 -1.23898,-0.603544 -0.675592,-0.440552 -1.16693,-0.94134 -1.46339,-1.4941 -0.297638,-0.563387 -0.451182,-1.26969 -0.451182,-2.10945l0 -21.4654 -8.99766 0 0 21.4654c0,0.522048 0.184252,1.02402 0.543308,1.50473 0.357875,0.481891 0.807876,0.890553 1.35118,1.22835 0.531497,0.337796 1.10551,0.635434 1.70906,0.870474 -2.55945,0.48071 -4.48347,0.716931 -5.76261,0.716931z"/>
  <path id="1234567891011121314151617" class="fil0" d="M38.3056 222.522c-0.921262,0 -1.54607,-0.0413387 -1.89449,-0.113386 -0.337796,-0.0814962 -0.746458,-0.285827 -1.22835,-0.603544 -0.675592,-0.440552 -1.16693,-0.94134 -1.46339,-1.4941 -0.307087,-0.563387 -0.450001,-1.26969 -0.450001,-2.10945l0 -14.3918c0.153544,-2.31378 -0.644883,-3.75709 -2.40591,-4.3193 -0.910632,-0.317717 -1.6689,-0.788978 -2.24174,-1.40315 -0.583466,-0.623623 -0.993309,-1.40197 -1.22835,-2.34331 -0.24567,-0.942522 -0.368505,-1.64882 -0.368505,-2.12953l0 -4.80119c0,-1.39134 0.440552,-2.88662 1.32048,-4.46221 0.879923,-1.57677 2.30315,-2.73308 4.25788,-3.45001 1.96536,-0.716931 4.02284,-1.08544 6.18308,-1.08544 1.91457,0 3.66497,0.174803 5.25119,0.512599 1.57677,0.337796 2.98938,0.93071 4.22717,1.77048 1.15748,0.757088 2.06811,1.77048 2.72363,3.02953 0.664962,1.25906 0.992128,2.80512 0.992128,4.64765 0,0.399213 -0.214961,1.12559 -0.634253,2.19095 -0.419292,1.05355 -1.06418,2.03622 -1.94528,2.93741 -0.879923,0.901183 -1.90394,1.70906 -3.06024,2.42599l-7.43151 1.32048c0.716931,0.0814962 1.23898,1.44331 1.55551,4.08426l0 15.4666c0,0.522048 0.174803,1.02402 0.543308,1.50473 0.357875,0.481891 0.807876,0.890553 1.34055,1.22835 0.542127,0.337796 1.11614,0.635434 1.70906,0.870474 -2.55827,0.48071 -4.47284,0.716931 -5.75198,0.716931zm-1.61811 -25.9701c5.03623,-0.838584 7.77994,-3.23386 8.20986,-7.19529 0,-0.881104 -0.23504,-1.77166 -0.716931,-2.67166 -0.48071,-0.901183 -1.17638,-1.68898 -2.09764,-2.36457 -1.36181,-0.758269 -2.53938,-1.13622 -3.54213,-1.13622 -2.39528,0.798427 -3.83859,2.71182 -4.30985,5.75198l-0.122835 0.716931 0 3.35788c0.0413387,1.52481 0.901183,2.70237 2.57953,3.54095z"/>
  <path id="123456789101112131415161718" class="fil0" d="M57.5883 222.409l0.921262 -0.93071c1.06536,-1.06536 1.80237,-2.19095 2.22166,-3.38859 0.419292,-1.19764 0.634253,-2.28308 0.634253,-3.24449 0,-0.594096 -0.0614174,-1.15748 -0.184252,-1.67953l9.71459 0c-0.95197,-1.36063 -1.67835,-2.51812 -2.16024,-3.47953 -1.51418,-2.713 -2.69174,-5.58899 -3.5315,-8.62915 -0.838584,-3.04016 -1.25906,-5.51812 -1.25906,-7.44214l0 -4.80119c0,-1.39134 0.440552,-2.88662 1.32048,-4.46221 0.870474,-1.57677 2.29371,-2.73308 4.25906,-3.45001 1.95473,-0.716931 4.01221,-1.08544 6.17245,-1.08544 1.92402,0 3.66379,0.174803 5.25119,0.512599 1.57559,0.337796 2.98819,0.93071 4.22717,1.77048 1.1563,0.757088 2.06811,1.77048 2.72245,3.02953 0.666143,1.25906 0.993309,2.80512 0.993309,4.64765 0,0.399213 -0.204331,1.12559 -0.624804,2.19095 -0.419292,1.05355 -1.07481,2.03622 -1.95473,2.93741 -0.879923,0.901183 -1.89331,1.70906 -3.06024,2.42599 -2.95867,1.84252 -6.47009,3.12166 -10.5544,3.83859 0.644883,2.2004 1.47402,4.28859 2.48741,6.27521 1.02402,1.97481 2.23229,3.88938 3.63426,5.72127l11.628 0c-0.112205,0.501969 -0.173622,1.06536 -0.173622,1.67953 0,0.961419 0.204331,2.04685 0.624804,3.24449 0.419292,1.19764 1.16693,2.32323 2.22048,3.38859l0.931892 0.93071 -1.32048 0c-2.55945,-0.24567 -4.45276,-0.94134 -5.70119,-2.09764 -1.23898,-1.16693 -2.01733,-2.42599 -2.33386,-3.7878l-17.7496 0c-0.328347,1.36181 -1.10551,2.62087 -2.34449,3.7878 -1.23898,1.1563 -3.14292,1.85197 -5.70119,2.09764l-1.31103 0zm14.1473 -24.352c5.99765,-1.20709 9.35553,-4.10434 10.0819,-8.70002 0,-0.881104 -0.24567,-1.77166 -0.726379,-2.67166 -0.471261,-0.901183 -1.17756,-1.68898 -2.09882,-2.36457 -1.36063,-0.758269 -2.53819,-1.13622 -3.5315,-1.13622 -2.40473,0.798427 -3.83859,2.71182 -4.3193,5.75198l-0.122835 0.716931 0 3.35788c0,1.6063 0.23504,3.28583 0.716931,5.04568z"/>
  <path id="12345678910111213141516171819" class="fil0" d="M120.887 222.522c-0.921262,0 -1.54488,-0.0413387 -1.89331,-0.113386 -0.337796,-0.0814962 -0.747639,-0.285827 -1.22835,-0.603544 -0.675592,-0.440552 -1.16693,-0.94134 -1.46339,-1.4941 -0.307087,-0.563387 -0.451182,-1.26969 -0.451182,-2.10945l0 -31.5473c-0.0814962,-1.67953 -0.603544,-2.75434 -1.56614,-3.23505l-6.26458 1.05473c0,0.531497 -0.0708663,1.10551 -0.204331,1.70906 -0.368505,1.37126 -1.19764,2.47678 -2.49804,3.30591 -1.29922,0.829135 -3.06024,1.3311 -5.30198,1.48465l-1.32048 0 1.19764 -1.19764c0.778348,-0.798427 1.3311,-1.63819 1.6689,-2.51812 0.327166,-0.879923 0.49134,-1.80118 0.49134,-2.76378 0,-0.870474 -0.194882,-1.88386 -0.604726,-3.02008l10.8 -1.65827c2.55827,-0.47008 4.48347,-0.715749 5.76261,-0.715749 0.910632,0 1.54607,0.0401576 1.88386,0.122835 0.337796,0.0814962 0.746458,0.276378 1.22835,0.592915 0.685041,0.440552 1.17638,0.942522 1.47402,1.50473 0.296457,0.563387 0.450001,1.25906 0.450001,2.09882l0 34.7824c0,0.522048 0.173622,1.02402 0.542127,1.50473 0.359056,0.481891 0.809057,0.890553 1.34173,1.22835 0.542127,0.337796 1.11496,0.635434 1.70906,0.870474 -2.55945,0.48071 -4.47284,0.716931 -5.75316,0.716931z"/>
  <path id="1234567891011121314151617181920" class="fil0" d="M137.777 222.522c-0.921262,0 -1.5567,-0.0413387 -1.89449,-0.113386 -0.337796,-0.0814962 -0.746458,-0.285827 -1.22835,-0.603544 -0.685041,-0.440552 -1.16693,-0.94134 -1.47402,-1.4941 -0.296457,-0.563387 -0.450001,-1.26969 -0.450001,-2.10945l0 -8.98703 0.839765 -7.56498c1.44331,-8.07639 7.00159,-12.8764 16.6748,-14.3918l16.5614 0c5.03623,0.634253 7.9134,3.23505 8.62915,7.80002l0 23.1437c0,0.522048 0.184252,1.02402 0.543308,1.50473 0.357875,0.481891 0.807876,0.890553 1.35118,1.22835 0.542127,0.337796 1.10551,0.635434 1.70906,0.870474 -2.55945,0.48071 -4.48347,0.716931 -5.76261,0.716931 -0.921262,0 -1.54607,-0.0413387 -1.88386,-0.113386 -0.337796,-0.0814962 -0.747639,-0.285827 -1.22835,-0.603544 -0.686222,-0.440552 -1.17756,-0.94134 -1.47402,-1.4941 -0.296457,-0.563387 -0.450001,-1.26969 -0.450001,-2.10945l0 -23.3894c-0.317717,-2.64095 -2.1189,-4.03347 -5.39529,-4.19646l-5.15907 0 0 27.5859c0,0.522048 0.174803,1.02402 0.543308,1.50473 0.357875,0.481891 0.807876,0.890553 1.34055,1.22835 0.542127,0.337796 1.11614,0.635434 1.70906,0.870474 -2.55827,0.48071 -4.47284,0.716931 -5.75198,0.716931 -0.921262,0 -1.54607,-0.0413387 -1.89449,-0.113386 -0.337796,-0.0814962 -0.746458,-0.285827 -1.22835,-0.603544 -0.675592,-0.440552 -1.16693,-0.94134 -1.46339,-1.4941 -0.307087,-0.563387 -0.450001,-1.26969 -0.450001,-2.10945l0 -27.3402c-5.76379,1.51418 -8.99766,5.11773 -9.71459,10.7882l-0.839765 7.56498 0 8.98703c0,0.522048 0.174803,1.02402 0.532678,1.50473 0.357875,0.481891 0.809057,0.890553 1.35118,1.22835 0.542127,0.337796 1.10551,0.635434 1.70906,0.870474 -2.55827,0.48071 -4.47284,0.716931 -5.75198,0.716931z"/>
  <path id="123456789101112131415161718192021" class="fil0" d="M190.165 222.522c-0.921262,0 -1.5567,-0.0413387 -1.89449,-0.113386 -0.337796,-0.0814962 -0.746458,-0.285827 -1.22835,-0.603544 -0.685041,-0.440552 -1.16693,-0.94134 -1.47402,-1.4941 -0.296457,-0.563387 -0.450001,-1.26969 -0.450001,-2.10945l0 -5.99765c0,-4.63702 3.79725,-9.86813 11.4036,-15.7134 -4.32048,-0.879923 -6.52088,-3.51024 -6.60238,-7.91222 0.276378,-2.01615 0.972049,-3.71576 2.06693,-5.08702 1.10551,-1.36181 2.61024,-2.35512 4.53544,-2.94804l0 -5.99883 7.19529 0 0 5.9067c1.85315,0.542127 3.34725,1.44331 4.48347,2.70237 1.12677,1.25906 1.83307,2.94804 2.10945,5.06694 -0.317717,3.2752 -1.83307,5.71182 -4.55552,7.31812 -2.32323,1.19764 -4.63702,3.07087 -6.96025,5.63033 6.72521,2.80512 10.441,7.00159 11.1567,12.6012l0 4.4315c0,0.522048 0.184252,1.02402 0.543308,1.50473 0.357875,0.481891 0.807876,0.890553 1.35118,1.22835 0.531497,0.337796 1.10551,0.635434 1.70906,0.870474 -2.55945,0.48071 -4.48347,0.716931 -5.76261,0.716931 -0.921262,0 -1.54607,-0.0413387 -1.88386,-0.113386 -0.348426,-0.0814962 -0.757088,-0.285827 -1.22835,-0.603544 -0.686222,-0.440552 -1.17756,-0.94134 -1.47402,-1.4941 -0.296457,-0.563387 -0.450001,-1.26969 -0.450001,-2.10945l0 -4.4315c-0.0826773,-4.00276 -2.24174,-7.36064 -6.47954,-10.0831 -2.39528,2.0067 -3.71576,4.92403 -3.95198,8.76262l0 5.75198c0,0.522048 0.174803,1.02402 0.532678,1.50473 0.357875,0.481891 0.809057,0.890553 1.35118,1.22835 0.542127,0.337796 1.10551,0.635434 1.70906,0.870474 -2.55827,0.48071 -4.47284,0.716931 -5.75198,0.716931zm8.87482 -27.9449c3.3567,-1.99607 5.11773,-4.1256 5.27127,-6.35671 -0.0720474,-2.64095 -1.55551,-4.32048 -4.43269,-5.03623 -2.55827,0.399213 -3.87875,2.18977 -3.96143,5.39411 0,1.99607 1.0441,4.00276 3.12284,5.99883z"/>
  <path id="12345678910111213141516171819202122" class="fil0" d="M224.679 222.522c-0.921262,0 -1.5567,-0.0413387 -1.89449,-0.113386 -0.337796,-0.0814962 -0.746458,-0.285827 -1.22835,-0.603544 -0.685041,-0.440552 -1.16693,-0.94134 -1.47402,-1.4941 -0.296457,-0.563387 -0.450001,-1.26969 -0.450001,-2.10945l0 -5.99765c0,-4.63702 3.79725,-9.86813 11.4036,-15.7134 -4.32048,-0.879923 -6.52088,-3.51024 -6.60238,-7.91222 0.715749,-5.2004 4.04292,-8.11773 9.95907,-8.76262 6.31655,0.399213 9.79608,3.20434 10.4315,8.40474 -0.317717,3.2752 -1.83307,5.71182 -4.55552,7.31812 -2.32323,1.19764 -4.63702,3.07087 -6.96025,5.63033 6.72521,2.80512 10.441,7.00159 11.1567,12.6012l0 4.4315c0,0.522048 0.184252,1.02402 0.543308,1.50473 0.357875,0.481891 0.807876,0.890553 1.35118,1.22835 0.531497,0.337796 1.10551,0.635434 1.70906,0.870474 -2.55945,0.48071 -4.48347,0.716931 -5.76261,0.716931 -0.921262,0 -1.54607,-0.0413387 -1.88386,-0.113386 -0.348426,-0.0814962 -0.757088,-0.285827 -1.22835,-0.603544 -0.686222,-0.440552 -1.17756,-0.94134 -1.47402,-1.4941 -0.296457,-0.563387 -0.450001,-1.26969 -0.450001,-2.10945l0 -4.4315c-0.0826773,-4.00276 -2.24174,-7.36064 -6.47954,-10.0831 -2.39528,2.0067 -3.71576,4.92403 -3.95198,8.76262l0 5.75198c0,0.522048 0.174803,1.02402 0.532678,1.50473 0.357875,0.481891 0.809057,0.890553 1.35118,1.22835 0.542127,0.337796 1.10551,0.635434 1.70906,0.870474 -2.55827,0.48071 -4.47284,0.716931 -5.75198,0.716931zm8.87482 -27.9449c3.3567,-1.99607 5.11773,-4.1256 5.27127,-6.35671 -0.0720474,-2.64095 -1.55551,-4.32048 -4.43269,-5.03623 -2.55827,0.399213 -3.87875,2.18977 -3.96143,5.39411 0,1.99607 1.0441,4.00276 3.12284,5.99883z"/>
  <path id="1234567891011121314151617181920212223" class="fil0" d="M263.268 221.806c-5.11773,-0.0814962 -8.15789,-2.87599 -9.12049,-8.39411l0 -22.1918c1.36181,-5.68111 4.40198,-9.03899 9.12049,-10.0831l13.9111 -1.32048c4.88269,0.328347 7.67718,2.95867 8.40356,7.92285l0 23.5134c-0.562206,5.19922 -3.32599,8.2701 -8.28072,9.2327l-14.0339 1.32048zm3.12166 -4.19646l8.15907 -0.839765c2.07756,-0.644883 3.3567,-2.68229 3.83859,-6.12167l0 -9.95907 -17.0339 1.56614 0 10.1953c0.236221,2.64095 1.91457,4.36064 5.03623,5.15907zm-5.03623 -18.7122l17.0339 -1.56614 0 -8.99766c-0.0826773,-2.14961 -1.08544,-3.55158 -3.00001,-4.19646l-9.95907 0.961419c-2.39528,0.481891 -3.75709,2.43662 -4.07481,5.876l0 7.92285z"/>
  <path id="123456789101112131415161718192021222324" class="fil0" d="M325.615 223.843c-2.24174,-0.153544 -4.01221,-0.655513 -5.31261,-1.48465 -1.29922,-0.829135 -2.12835,-1.93465 -2.48741,-3.31654l-8.33151 0c-1.62756,1.40197 -3.83859,2.32323 -6.66379,2.76378l-8.39411 0c-1.52481,-2.55945 -2.39528,-5.876 -2.64095,-9.96026 0.0814962,-3.2752 1.63819,-6.03899 4.67836,-8.2701 8.87482,-4.63702 13.8803,-9.83742 14.9953,-15.6l0 -4.55552c0,-0.522048 -0.184252,-1.02402 -0.542127,-1.4941 -0.357875,-0.481891 -0.809057,-0.890553 -1.35118,-1.23898 -0.532678,-0.337796 -1.10551,-0.624804 -1.70906,-0.870474 2.55827,-0.47008 4.48347,-0.715749 5.76261,-0.715749 0.921262,0 1.54607,0.0401576 1.88386,0.122835 0.347245,0.0814962 0.757088,0.276378 1.2378,0.592915 0.675592,0.440552 1.16693,0.942522 1.46457,1.50473 0.296457,0.563387 0.450001,1.25906 0.450001,2.09882l0 4.55552c-0.716931,4.16576 -4.71851,9.31419 -11.9965,15.4772 4.71851,1.75985 7.04175,4.55434 6.96025,8.39293 -0.317717,1.44331 -0.778348,2.72363 -1.38189,3.83859l5.57836 0c0.359056,-1.37126 1.18819,-2.47678 2.48741,-3.30591 1.3004,-0.829135 3.07087,-1.3311 5.31261,-1.48465l1.32048 0 -1.19764 1.19764c-0.787797,0.798427 -1.34055,1.63819 -1.66772,2.51812 -0.328347,0.881104 -0.49134,1.80237 -0.49134,2.75434 0,0.961419 0.162992,1.88268 0.49134,2.76378 0.327166,0.879923 0.879923,1.71969 1.66772,2.51812l1.19764 1.19764 -1.32048 0zm-25.6725 -5.39529l2.64095 -0.48071c2.64095,-0.317717 3.92127,-2.35394 3.83859,-6.12167 0.153544,-1.67835 -0.603544,-3.75591 -2.28189,-6.23387 -3.52205,1.11614 -5.47678,3.23505 -5.876,6.35671 0.164174,2.72363 0.716931,4.88269 1.67835,6.47954z"/>
  <path id="12345678910111213141516171819202122232425" class="fil0" d="M357.132 222.522c-0.921262,0 -1.54488,-0.0413387 -1.89331,-0.113386 -0.337796,-0.0814962 -0.747639,-0.285827 -1.22835,-0.603544 -0.675592,-0.440552 -1.16693,-0.94134 -1.46339,-1.4941 -0.307087,-0.563387 -0.451182,-1.26969 -0.451182,-2.10945l0 -35.0174 -6.72521 0c-0.316536,1.35118 -1.09488,2.61024 -2.33386,3.77717 -1.2378,1.1563 -3.14174,1.85197 -5.70119,2.09764l-1.32048 0 0.931892 -0.93071c1.06418,-1.06536 1.80118,-2.19095 2.22048,-3.38859 0.420473,-1.19764 0.635434,-2.28308 0.635434,-3.24449 0,-0.594096 -0.0614174,-1.15748 -0.184252,-1.67953l32.152 0c-0.122835,0.501969 -0.184252,1.06536 -0.184252,1.67953 0,0.961419 0.204331,2.04685 0.634253,3.24449 0.419292,1.19764 1.1563,2.32323 2.21103,3.38859l0.931892 0.93071 -1.32048 0c-2.55945,-0.24567 -4.45276,-0.94134 -5.69174,-2.09764 -1.24843,-1.16693 -2.02678,-2.42599 -2.34449,-3.77717l-6.71458 0 0 35.0174c0,0.522048 0.173622,1.02402 0.542127,1.50473 0.359056,0.481891 0.809057,0.890553 1.34173,1.22835 0.542127,0.337796 1.11496,0.635434 1.70906,0.870474 -2.55945,0.48071 -4.47284,0.716931 -5.75316,0.716931z"/>
 </g>
</svg>
